31 000267
05 000869
01 000472
39 000579
47 000682
18 000921
04 000788
30 000276
20 000392
05 000639
23 000423
21 000423
21 000790
28 000842
40 000375
46 000560
17 000790
35 000141
17 000154
41 000856
44 000485
37 000367
33 000193
37 000623
00 000683
45 000112
03 000395
24 000727
25 000385
16 000923
38 000547
43 000729
01 000476
00 000232
17 000834
19 000788
45 000122
42 000020
18 000281
44 000106
45 000494
31 000136
02 000929
37 000215
08 000234
39 000600
01 000518
15 000083
40 000009
26 000887
30 000806
41 000511
29 000479
41 000737
27 000751
46 000212
03 000504
36 000522
25 000011
42 000587
19 000265
45 000344
39 000100
46 000500
30 000931
15 000103
26 000472
31 000646
12 000497
29 000815
24 000788
46 000024
39 000569
16 000396
23 000572
26 000308
13 000624
40 000560
08 000685
25 000575
46 000524
00 000707
28 000116
38 000569
16 000313
17 000794
30 000421
47 000482
33 000037
43 000229
21 000384
43 000715
39 000680
08 000430
25 000142
27 000564
02 000854
39 000467
24 000567
04 000612
29 000470
23 000864
17 000481
42 000641
09 000006
31 000867
44 000796
16 000620
20 000181
21 000707
43 000151
02 000027
27 000284
41 000230
05 000012
17 000110
34 000162
42 000141
31 000615
33 000118
07 000573
45 000357
26 000383
32 000125
43 000711
42 000359
39 000530
17 000675
06 000570
43 000107
14 000668
14 000219
40 000843
21 000547
06 000440
00 000028
13 000985
38 000069
20 000228
40 000523
44 000176
44 000683
19 000606
03 000072
41 000408
25 000180
18 000272
47 000393
17 000416
37 000571
38 000007
08 000730
41 000484
04 000363
31 000607
36 000152
38 000079
47 000510
39 000582
15 000215
24 000431
10 000104
18 000353
33 000241
24 000572
19 000854
02 000226
14 000675
44 000108
44 000384
31 000838
26 000760
34 000044
16 000943
40 000209
29 000664
34 000197
13 000995
43 000566
05 000591
39 000523
29 000247
09 000035
23 000037
18 000446
38 000114
24 000293
16 000837
09 000023
44 000628
09 000446
00 000183
37 000355
31 000241
46 000694
34 000127
24 000584
21 000282
47 000647
10 000734
36 000451
16 000769
19 000769
19 000669
16 000852
45 000334
01 000830
45 000088
14 000488
47 000047
01 000079
41 000194
11 000478
38 000570
15 000730
02 000097
16 000055
44 000158
23 000135
27 000642
15 000488
17 000493
23 000781
36 000052
19 000056
26 000255
11 000234
30 000278
37 000146
46 000530
12 000498
11 000415
34 000160
13 000989
32 000246
38 000750
13 000438
29 000621
16 000796
40 000473
40 000412
29 000424
12 000719
45 000153
17 000885
09 000651
41 000441
46 000777
08 000446
45 000200
39 000098
20 000129
28 000939
17 000322
14 000506
25 000400
18 000805
46 000594
38 000730
36 000448
24 000888
47 000232
19 000434
23 000389
02 000476
37 000162
38 000529
15 000444
07 000680
10 000590
17 000140
06 000637
42 000357
33 000104
40 000145
36 000204
21 000209
42 000188
11 000259
14 000035
19 000116
35 000081
25 000791
09 000640
41 000703
24 000896
08 000463
10 000697
46 000456
30 000475
43 000643
38 000156
19 000335
11 000016
15 000873
32 000012
01 000690
41 000579
45 000403
42 000214
34 000157
00 000493
39 000056
40 000469
43 000513
28 000921
45 000791
47 000684
28 000431
46 000129
08 000701
42 000263
15 000414
09 000260
33 000182
20 000382
20 000751
08 000594
03 000643
03 000203
13 000221
21 000578
28 000056
12 000519
26 000467
27 000904
12 000402
36 000589
12 000601
06 000402
19 000062
47 000775
10 000505
37 000345
43 000826
11 000731
37 000769
21 000807
30 000580
47 000620
12 000526
09 000099
01 000433
08 000415
37 000479
27 000744
14 000241
46 000369
02 000074
29 000924
23 000416
12 001021
36 000534
35 000252
09 000012
27 000295
44 000596
44 000124
30 000316
28 000055
39 000194
37 000368
15 000879
43 000668
37 000487
35 000118
00 000651
06 000471
01 000727
47 000439
25 000253
18 000806
37 000132
38 000124
07 000080
18 000129
39 000130
14 000431
17 000400
18 000609
44 000657
30 000619
29 000239
05 000637
17 000319
44 000029
43 000053
38 000659
43 000408
16 000423
44 000583
36 000660
47 000011
21 000303
31 000481
03 000488
46 000064
42 000651
05 000073
24 000902
40 000192
30 000799
43 000754
43 000632
39 000640
25 000071
16 000164
00 000834
46 000502
11 000026
47 000397
38 000615
07 000377
10 000459
38 000614
20 000857
25 000868
42 000044
30 000831
24 000140
08 000472
45 000151
47 000480
41 000016
21 000789
41 000423
14 000519
07 000225
37 000556
43 000561
40 000255
30 000659
44 000238
46 000469
39 000442
25 000570
43 000646
18 000657
37 000421
27 000470
46 000436
41 000450
38 000780
43 000624
30 000179
43 000177
17 000062
24 000887
23 000712
39 000536
30 000798
04 000688
19 000790
47 000493
01 000183
36 000135
36 000621
04 000359
36 000189
41 000461
32 000236
36 000023
04 000619
19 000167
06 000200
00 000653
15 000008
45 000491
14 000008
44 000239
45 000705
42 000042
24 000648
40 000818
18 000869
15 000856
13 000387
42 000514
31 000295
05 000607
31 000408
41 000175
24 000820
08 000399
08 000440
13 000510
32 000070
14 000734
36 000388
40 000855
02 000100
34 000176
00 000607
28 000105
01 000713
08 000613
02 000456
06 000662
14 000714
43 000085
47 000704
39 000497
32 000035
39 000222
37 000133
28 000330
14 000216
32 000063
07 000394
00 000233
29 000482
16 000670
16 000788
05 000684
17 000682
23 000862
39 000234
02 000405
18 000877
32 000065
40 000134
43 000463
28 000643
44 000709
18 000848
00 000611
02 000873
00 000414
23 000293
46 000059
36 000464
20 000573
47 000701
00 000603
47 000467
38 000563
11 000681
30 000637
02 000434
16 000112
46 000421
09 000407
29 000281
01 000066
39 000383
19 000110
40 000494
26 000235
38 000557
47 000507
35 000066
23 000224
47 000793
23 000877
44 000531
21 000491
06 000202
02 000469
47 000329
47 000555
27 000625
06 000462
37 000665
39 000580
27 000298
25 000306
42 000061
13 000876
11 000105
43 000740
02 000663
09 000592
35 000199
10 000645
38 000078
04 000221
24 000798
36 000177
00 000025
40 000131
20 000799
08 000721
23 000214
28 000325
37 000337
03 000931
39 000746
00 000731
26 000720
47 000612
29 000650
09 000655
29 000842
37 000379
00 000488
28 000854
23 000402
06 000217
11 000721
25 000749
34 000054
39 000468
19 000936
40 000590
47 000072
47 000774
02 000408
23 000420
19 000775
06 000869
05 000068
19 000234
16 000854
11 000209
25 000248
39 000490
30 000275
02 000865
46 000384
04 000223
44 000638
39 000420
15 000422
24 000135
01 000496
23 000405
24 000395
00 000244
41 000233
29 000634
40 000869
27 000070
17 000514
03 000096
41 000173
39 000542
06 000420
18 000866
16 000669
21 000421
11 000195
04 000086
24 000291
07 000836
18 000288
07 000814
34 000184
25 000152
25 000647
20 000551
41 000144
17 000632
21 000228
30 000633
37 000308
17 000685
25 000304
15 000223
28 000855
17 000244
26 000846
29 000226
27 000788
15 000227
45 000818
06 000804
41 000182
29 000640
20 000587
11 000235
44 000203
27 000132
36 000463
00 000512
14 000014
44 000534
18 000504
08 000666
17 000824
23 000418
36 000330
03 000478
31 000520
16 000833
04 000557
12 000957
18 000278
03 000528
04 000240
04 000231
36 000141
01 000223
38 000132
44 000210
09 000422
29 000396
04 000810
26 000229
07 000073
25 000083
40 000148
25 000621
21 000555
11 000462
10 000600
01 000634
35 000179
41 000432
04 000485
00 000091
42 000215
43 000505
41 000106
15 000217
37 000749
42 000461
28 000797
29 000805
27 000516
44 000240
19 000165
09 000031
24 000723
31 000772
24 000242
23 000571
13 000608
36 000325
29 000338
25 000526
15 000510
47 000799
21 000550
14 000682
39 000391
16 000294
10 000701
15 000652
08 000713
17 000673
43 000721
24 000460
41 000367
37 000350
13 000850
28 000504
26 000479
17 000255
29 000012
28 000945
40 000384
40 000034
18 000788
18 000851
43 000066
43 000233
17 000398
23 000821
19 000491
03 000187
47 000476
27 000871
21 000018
16 000431
23 000554
36 000180
37 000343
30 000111
15 000987
39 000181
44 000032
47 000809
15 000197
46 000215
44 000223
04 000553
46 000599
16 000277
18 000599
25 000250
39 000561
18 000158
34 000217
29 000492
33 000032
42 000850
40 000838
31 000176
34 000052
00 000634
37 000432
30 000255
13 000235
09 000649
34 000251
31 000050
31 000479
05 000201
01 000096
14 000677
42 000811
23 000743
21 000603
01 000025
15 000424
20 000568
45 000577
26 000015
12 000261
44 000678
02 000616
43 000450
47 000673
20 000742
14 000112
02 000595
18 000409
27 000590
02 000725
16 000774
24 000163
38 000589
44 000010
08 000600
38 000430
17 000610
28 000320
46 000109
47 000385
35 000006
18 000501
00 000676
46 000222
35 000163
17 000658
47 000368
25 000845
40 000449
42 000255
18 000490
11 000690
26 000790
46 000587
17 000413
19 000413
03 000080
23 000860
47 000209
46 000039
34 000041
13 000238
05 000233
45 000046
26 000132
21 000213
01 000723
34 000046
04 000181
05 000495
31 000139
30 000010
06 000486
40 000066
20 000109
15 000222
46 000124
37 000446
47 000569
12 000911
47 000609
13 000026
26 000726
06 000594
44 000126
10 000408
39 000595
19 000329
07 000185
13 000441
28 000329
39 000554
17 000788
17 000065
21 000702
23 000543
09 000716
01 000419
44 000788
19 000418
36 000499
35 000259
39 000756
42 000546
25 000312
23 000750
47 000584
17 000662
44 000344
18 000927
44 000369
43 000639
38 000678
40 000642
42 000741
37 000049
23 000724
47 000644
31 000250
28 000393
12 000852
02 000511
11 000014
14 000987
40 000724
44 000551
15 000497
18 000682
38 000394
07 000406
18 000486
31 000110
02 000851
31 000305
10 000405
16 000957
41 000640
20 000621
02 000460
34 000049
45 000485
40 000691
16 000668
43 000333
06 000617
13 000634
45 000658
42 000598
08 000433
16 000187
32 000206
47 000328
27 000889
14 001009
02 000391
37 000137
42 000643
39 000052
30 000262
21 000457
14 000984
03 000434
11 000419
45 000632
23 000846
28 000118
13 000458
14 000692
19 000010
17 000199
00 000018
34 000111
23 000622
47 000786
21 000802
15 000527
17 000060
40 000419
02 000424
45 000811
37 000409
14 000705
31 000920
39 000780
27 000474
40 000116
01 000101
40 000496
47 000562
47 000503
46 000523
42 000550
27 000827
29 000648
14 000699
09 000108
23 000308
08 000095
05 000448
12 000600
36 000228
02 000448
07 000210
19 000957
25 000491
23 000231
42 000105
26 000221
33 000252
37 000518
23 000275
29 000316
36 000042
10 000018
41 000110
02 000180
42 000179
37 000011
08 000590
15 000847
42 000211
00 000832
26 000023
39 000559
39 000650
39 000317
20 000804
05 000231
10 000689
46 000047
13 000512
40 000031
14 000603
40 000232
36 000644
19 000065
21 000888
28 000343
07 000004
23 000891
26 000279
18 000063
41 000446
19 000331
37 000463
25 000436
39 000008
25 000826
46 000793
02 000195
45 000009
35 000115
08 000678
05 000227
40 000433
25 000226
23 000179
29 000630
46 000450
31 000480
06 000101
28 000734
39 000618
23 000458
01 000217
47 000132
43 000815
41 000739
27 000822
16 000770
21 000006
27 000792
26 000460
02 000239
24 000703
12 000013
45 000226
37 000525
07 000556
18 000808
21 000418
46 000206
25 000702
25 000754
19 000781
40 000394
28 000654
28 000824
35 000073
00 000922
38 000449
26 000224
14 000430
43 000691
31 000303
04 000189
17 000190
11 000019
01 000512
11 000470
14 000929
37 000436
24 000347
30 000763
12 000262
30 000899
15 000111
47 000671
23 000785
37 000039
24 000328
21 000705
29 000509
17 000786
30 000585
39 000334
30 000483
39 000588
47 000768
23 000047
16 000511
33 000120
17 000346
16 000284
14 000077
07 000437
07 000572
24 000145
30 000646
26 000822
42 000242
21 000788
44 000383
45 000812
05 000480
47 000573
08 000024
29 000794
40 000727
43 000657
36 000683
42 000417
43 000077
42 000045
23 000259
45 000572
38 000640
30 000925
30 000012
03 000243
21 000046
12 000961
27 000743
29 000666
17 000024
08 000458
40 000043
36 000363
23 000488
00 000480
42 000022
45 000015
24 000480
39 000760
38 000167
13 001013
41 000562
08 000103
46 000158
18 000068
31 000787
28 000009
16 000161
03 000509
07 000181
18 000400
12 000074
08 000651
27 000149
43 000618
00 000407
06 000490
12 000592
14 000982
40 000506
23 000223
45 000407
07 000484
11 000491
21 000214
46 000665
01 000920
37 000615
33 000157
39 000040
02 000477
39 000364
25 000319
44 000067
29 000941
19 000932
06 000564
31 000414
15 001000
27 000395
07 000554
36 000319
15 000264
03 000723
19 000052
46 000053
20 000570
26 000616
41 000550
39 000229
09 000670
38 000509
25 000183
44 000472
08 000260
09 000222
44 000202
19 000819
03 000729
30 000610
28 000592
19 000486
36 000609
37 000763
18 000612
09 000498
43 000070
32 000132
17 000153
41 000690
28 000138
47 000338
40 000349
02 000015
42 000493
36 000588
17 000287
04 000423
10 000080
12 000200
36 000433
09 000676
17 000503
17 000479
06 000478
39 000059
14 000830
30 000013
16 000077
27 000520
14 000840
12 001018
41 000347
09 000615
32 000122
13 000090
38 000437
18 000408
34 000203
47 000108
12 000670
11 000699
43 000389
28 000053
03 000416
08 000499
13 000429
02 000724
01 000616
44 000662
26 000462
02 000189
21 000401
19 000519
07 000476
45 000369
04 000841
10 000410
07 000569
11 000229
01 000691
09 000722
40 000858
19 000928
29 000645
17 000664
30 000154
28 000257
12 000097
05 000694
08 000501
25 000586
21 000060
28 000297
38 000182
14 000102
38 000587
23 000615
11 000709
13 000430
00 000064
16 000414
43 000552
47 000337
30 000629
41 000177
12 000711
19 000922
29 000823
43 000542
39 000352
12 000483
40 000501
17 000023
44 000390
11 000685
11 000094
21 000258
15 000992
10 000693
05 000100
17 000661
24 000604
10 000695
39 000441
03 000933
11 000645
28 000311
47 000167
37 000612
06 000086
10 000673
44 000558
03 000826
27 000578
16 000519
06 000556
16 000853
00 000870
06 000103
24 000631
43 000523
23 000425
42 000116
42 000515
38 000402
25 000741
46 000814
40 000468
29 000761
29 000653
04 000803
26 000225
40 000618
46 000213
28 000668
21 000870
29 000837
42 000083
19 000524
09 000724
14 000925
41 000164
19 000401
12 000522
44 000423
39 000586
05 000491
14 000087
31 000784
47 000020
41 000716
43 000860
06 000075
21 000035
17 000298
38 000421
28 000887
13 000071
06 000464
23 000056
04 000238
18 000293
47 000185
37 000366
23 000019
01 000071
14 000092
46 000027
41 000848
40 000190
23 000583
09 000259
31 000179
15 000618
04 000659
20 000387
03 000101
28 000648
03 000620
40 000826
24 000280
17 000679
19 000896
01 000932
23 000613
18 000329
08 000208
27 000829
30 000054
26 000909
16 000879
09 000216
38 000759
23 000761
37 000492
18 000340
24 000019
08 000487
30 000409
15 000635
39 000154
21 000391
31 000436
36 000507
40 000693
08 000475
10 000242
36 000549
36 000196
31 000819
11 000208
15 000430
10 000461
25 000427
44 000343
01 000684
25 000796
44 000160
23 000831
05 000199
12 000997
08 000738
39 000092
02 000231
36 000055
37 000653
36 000470
03 000726
20 000759
29 000072
31 000385
26 000415
19 000622
42 000607
08 000679
30 000102
01 000018
46 000327
17 000607
31 000024
46 000009
16 000270
19 000274
38 000744
15 000249
47 000779
09 000499
18 000146
27 000803
40 000698
02 000669
35 000178
20 000762
35 000253
39 000119
03 000092
42 000135
23 000548
41 000701
26 000286
21 000274
28 000902
18 000300
47 000373
16 000636
29 000137
36 000038
04 000094
10 000029
39 000153
06 000606
47 000409
14 000590
04 000645
12 000659
07 000359
47 000669
41 000675
03 000387
46 000144
26 000818
02 000508
18 000821
08 000665
27 000565
10 000401
13 000854
30 000807
30 000497
18 000238
38 000482
11 000030
19 000067
36 000487
40 000401
01 000663
25 000154
31 000628
43 000039
20 000735
28 000489
00 000510
12 000029
04 000677
00 000672
36 000546
43 000378
02 000225
04 000591
42 000510
21 000801
16 000023
08 000434
37 000165
46 000525
43 000673
40 000152
06 000177
38 000228
19 000484
46 000067
39 000198
18 000008
31 000502
37 000529
20 000764
46 000546
26 000519
28 000131
19 000949
26 000246
38 000226
29 000578
36 000107
44 000771
13 000421
42 000080
37 000669
37 000066
10 000723
20 000021
34 000254
01 000091
40 000679
17 000129
29 000937
31 000221
21 000879
18 000444
23 000815
25 000409
34 000161
47 000464
14 000245
03 000479
08 000424
39 000475
05 000083
06 000461
05 000477
41 000812
21 000249
42 000167
42 000051
24 000710
32 000177
42 000836
36 000102
06 000878
01 000104
00 000021
28 000614
41 000249
00 000247
06 000105
21 000124
26 000189
11 000522
31 000071
03 000668
23 000125
16 000609
43 000364
29 000481
28 000772
41 000729
47 000703
08 000420
47 000542
40 000227
17 000844
01 000205
13 000032
12 000532
46 000349
40 000070
15 000019
42 000589
00 000606
20 000607
28 000435
02 000717
44 000653
37 000426
02 000426
00 000604
11 000516
46 000224
45 000553
12 000250
19 000321
36 000462
17 000234
42 000218
19 000676
38 000025
41 000637
42 000725
07 000479
28 000403
43 000383
01 000829
44 000605
12 000244
19 000774
02 000492
09 000683
30 000220
44 000055
38 000105
42 000445
03 000702
30 000419
17 000311
40 000206
27 000138
03 000427
23 000219
05 000455
17 000145
31 000185
11 000518
27 000460
10 000477
01 000587
09 000030
31 000829
33 000211
18 000790
10 000671
30 000408
39 000397
01 000934
34 000038
25 000897
32 000138
26 000058
29 000341
21 000721
36 000098
18 000350
13 000916
04 000631
10 000685
21 000288
15 000099
26 000411
05 000624
12 000843
07 000679
01 000187
17 000329
37 000120
29 000835
40 000044
42 000047
43 000062
38 000451
24 000485
42 000339
36 000533
27 000784
27 000481
23 000882
18 000684
02 000642
30 000222
09 000462
04 000629
44 000530
46 000826
13 000920
47 000676
16 000495
31 000659
27 000056
38 000438
39 000242
33 000133
25 000187
08 000642
36 000035
42 000202
45 000643
15 000641
38 000742
36 000495
02 000186
19 000408
02 000727
12 000247
05 000376
19 000881
47 000443
30 000108
34 000219
13 000225
33 000247
29 000131
40 000801
06 000841
37 000046
40 000427
47 000118
00 000501
26 000253
29 000518
30 000217
34 000139
27 000762
07 000490
03 000213
18 000646
39 000492
29 000719
25 000308
34 000183
02 000221
16 000685
32 000149
29 000337
03 000718
08 000217
28 000280
44 000252
16 000891
26 000525
36 000477
36 000672
01 000092
33 000215
18 000264
13 000611
19 000004
39 000577
45 000043
21 000893
07 000079
01 000665
30 000185
13 000728
09 000423
11 000705
06 000630
24 000839
28 000833
00 000524
45 000468
23 000612
11 000674
38 000047
39 000407
44 000648
41 000161
37 000593
04 000239
24 000652
19 000849
35 000110
39 000556
19 000805
23 000856
42 000395
40 000611
29 000834
16 000127
19 000677
27 000478
09 000427
47 000796
42 000459
11 000442
44 000162
07 000251
29 000233
29 000007
03 000026
11 000076
10 000594
37 000550
26 000425
18 000019
15 001012
29 000389
29 000660
41 000546
45 000698
15 000530
45 000249
30 000110
36 000479
39 000038
36 000460
15 000107
18 000306
02 000504
35 000177
45 000241
23 000714
18 000608
09 000708
46 000010
41 000040
18 000764
42 000527
47 000563
03 000222
36 000624
47 000628
35 000200
04 000457
14 000385
37 000768
17 000652
20 000262
14 000727
24 000422
42 000473
18 000121
32 000052
20 000557
39 000767
34 000170
20 000877
46 000238
17 000770
03 000199
19 000139
34 000072
00 000188
38 000306
13 000447
31 000052
25 000163
43 000822
26 000333
19 000156
38 000683
26 000399
10 000102
25 000883
19 000398
12 000193
39 000356
13 000440
33 000169
05 000212
39 000197
40 000049
39 000566
04 000493
19 000427
03 000019
38 000077
44 000515
30 000045
39 000162
00 000092
17 000915
36 000416
28 000021
19 000199
17 000855
21 000310
21 000053
38 000626
02 000188
33 000231
06 000577
41 000437
27 000017
08 000662
43 000134
44 000078
36 000174
26 000387
15 000734
40 000566
19 000240
12 000477
16 000618
01 000497
25 000143
37 000504
03 000693
38 000635
12 000655
15 000084
14 000399
38 000767
31 000662
17 000946
24 000113
14 000397
26 000145
06 000587
31 000589
41 000692
28 000223
06 000598
40 000557
28 000924
10 000498
41 000489
05 000021
45 000111
43 000044
00 000716
30 000785
05 000579
23 000806
34 000187
13 000525
40 000053
24 000264
34 000165
27 000402
25 000223
45 000819
44 000675
44 000033
05 000106
36 000590
28 000222
40 000445
47 000034
36 000756
40 000166
19 000228
00 000009
28 000845
27 000133
45 000668
42 000249
05 000692
34 000137
03 000084
28 000438
00 000234
37 000735
44 000151
47 000161
43 000634
24 000151
40 000582
24 000334
02 000933
38 000071
20 000701
13 000216
01 000465
08 000617
21 000775
19 000112
27 000072
07 000208
42 000057
28 000475
21 000225
25 000274
16 000190
02 000878
40 000432
21 000313
38 000199
47 000204
23 000485
18 000673
16 000831
01 000430
44 000512
37 000570
24 000627
27 000113
02 000832
03 000436
27 000079
00 000212
12 000084
24 000746
47 000053
08 000490
21 000577
32 000072
19 000063
16 000767
46 000651
19 000595
42 000397
39 000656
11 000071
46 000629
29 000223
42 000847
20 000143
44 000646
29 000268
34 000239
17 000275
25 000753
45 000014
24 000476
46 000438
42 000507
30 000488
42 000183
10 000030
41 000543
01 000728
00 000485
00 000496
13 000199
18 000165
39 000784
36 000424
41 000655
39 000323
44 000406
28 000285
21 000564
05 000563
46 000352
23 000757
27 000708
41 000413
02 000406
44 000593
42 000494
34 000163
42 000367
26 000650
29 000392
28 000660
20 000463
40 000471
12 000264
13 000651
41 000588
19 000420
39 000541
40 000648
21 000312
47 000627
01 000247
07 000815
03 000077
07 000385
37 000640
47 000243
10 000655
36 000047
29 000903
44 000772
15 000655
14 000492
20 000400
13 000652
25 000565
00 000494
16 000827
28 000672
03 000930
19 000442
43 000743
02 000503
47 000483
11 000102
27 000345
20 000783
26 000466
37 000211
18 000804
26 000226
38 000347
03 000871
40 000135
00 000938
28 000420
16 000338
29 000755
19 000421
00 000627
45 000353
17 000328
15 000071
18 000115
01 000646
29 000068
04 000799
47 000007
26 000430
47 000594
39 000349
37 000411
20 000227
13 000684
39 000241
29 000600
40 000180
02 000247
28 000110
42 000674
18 000232
26 000559
38 000209
44 000137
32 000214
42 000568
16 000238
26 000894
25 000156
11 000622
00 000083
31 000246
37 000507
43 000621
27 000152
29 000009
16 000149
16 000500
42 000584
33 000255
29 000306
43 000449
03 000663
29 000513
17 000512
14 000526
20 000566
42 000863
44 000635
42 000629
13 000690
44 000483
47 000086
29 000154
04 000497
40 000663
47 000028
41 000584
41 000559
40 000067
17 000630
47 000672
39 000415
26 000712
29 000433
06 000872
29 000938
36 000342
02 000928
41 000554
45 000103
13 000483
27 000841
26 000877
26 000245
43 000156
19 000955
02 000388
41 000643
26 000698
44 000420
40 000201
18 000145
44 000161
16 000864
45 000143
35 000197
42 000821
07 000625
03 000834
16 000855
24 000220
29 000863
47 000519
00 000665
33 000209
35 000010
17 000629
45 000435
40 000639
23 000421
09 000735
20 000825
26 000611
28 000785
42 000257
36 000573
19 000837
21 000587
27 000130
42 000822
38 000217
17 000821
31 000012
31 000129
18 000323
25 000777
19 000608
40 000078
24 000429
05 000794
41 000839
15 000521
02 000836
45 000039
24 000822
11 000227
16 000666
15 000691
44 000428
25 000730
11 000083
31 000789
17 000344
36 000011
43 000584
44 000537
18 000870
12 000608
07 000670
42 000230
11 000673
05 000451
46 000452
37 000313
03 000682
29 000585
32 000060
38 000637
14 000882
03 000932
45 000359
15 000846
42 000442
37 000424
43 000143
45 000649
04 000462
30 000126
36 000540
20 000455
09 000032
37 000168
14 000428
20 000567
20 000795
12 000731
45 000521
42 000206
18 000606
46 000122
40 000183
44 000363
15 000839
25 000300
33 000149
45 000651
13 000725
38 000305
04 000480
00 000843
37 000721
40 000011
16 000286
26 000719
26 000588
19 000224
13 000511
16 000836
20 000307
06 000190
11 000624
04 000666
31 000825
41 000340
01 000469
25 000751
41 000190
18 000267
19 000302
31 000140
02 000835
30 000749
31 000137
29 000764
43 000655
27 000486
04 000458
44 000211
28 000296
06 000641
13 000598
40 000012
36 000303
39 000184
25 000520
19 000764
28 000615
39 000597
18 000025
31 000763
43 000121
23 000555
34 000246
36 000353
20 000311
24 000427
41 000361
28 000765
47 000059
28 000464
36 000377
14 000036
34 000212
28 000060
15 000005
44 000196
27 000429
11 000698
38 000723
39 000501
31 000757
15 000677
32 000196
28 000666
45 000684
42 000084
04 000252
44 000477
19 000511
47 000357
18 000303
07 000694
27 000806
40 000042
24 000487
10 000418
13 000673
44 000243
12 000518
07 000391
18 000328
32 000213
32 000156
35 000223
24 000225
24 000263
02 000709
00 000608
36 000218
16 000116
36 000747
47 000600
37 000685
40 000168
45 000244
43 000221
45 000166
25 000476
14 000617
21 000699
26 000766
19 000075
14 000672
20 000580
17 000495
08 000461
08 000107
06 000219
36 000033
14 000854
46 000600
27 000135
46 000431
07 000244
47 000071
42 000489
29 000848
02 000436
20 000476
47 000610
45 000119
21 000237
11 000395
19 000416
43 000164
28 000755
39 000135
17 000111
03 000609
17 000914
21 000887
00 000500
47 000174
30 000318
40 000023
04 000471
31 000813
42 000368
18 000130
42 000370
31 000806
06 000006
45 000493
38 000420
26 000814
38 000346
24 000217
42 000745
30 000124
45 000367
00 000415
40 000731
42 000250
42 000670
41 000371
13 000858
31 000809
35 000181
27 000049
41 000572
39 000165
18 000871
01 000074
06 000414
47 000785
13 001002
36 000772
36 000179
38 000008
14 000852
11 000619
27 000264
41 000363
12 000850
16 000132
36 000671
27 000718
12 000669
44 000225
18 000114
24 000319
20 000220
39 000609
30 000788
26 000573
23 000620
12 000927
28 000769
44 000775
42 000638
26 000297
03 000591
37 000655
02 000875
33 000187
19 000956
05 000549
43 000341
02 000730
00 000637
06 000664
24 000325
08 000076
43 000482
11 000666
35 000026
00 000830
08 000195
28 000278
47 000640
09 000081
05 000593
44 000221
27 000329
36 000484
43 000407
41 000542
01 000450
10 000019
41 000745
00 000176
44 000172
14 000029
41 000619
41 000561
30 000651
26 000839
29 000064
21 000737
02 000104
36 000728
09 000250
16 000015
24 000832
18 000679
38 000359
28 000745
24 000125
40 000122
19 000290
28 000409
10 000214
13 000477
23 000318
17 000894
42 000693
42 000684
18 000492
10 000465
02 000461
02 000696
27 000263
41 000496
42 000143
44 000525
19 000829
08 000418
30 000245
37 000349
01 000412
16 000597
21 000585
46 000499
03 000407
20 000707
45 000566
21 000412
02 000880
29 000067
19 000626
16 000426
25 000162
24 000591
45 000228
46 000217
42 000711
14 000076
44 000469
26 000833
01 000847
02 000600
18 000918
13 000269
00 000482
16 000354
01 000716
00 000217
07 000485
37 000605
38 000751
40 000503
07 000579
46 000062
08 000503
25 000079
44 000682
24 000313
19 000133
24 000245
29 000256
26 000020
20 000060
39 000414
17 000404
05 000460
12 000838
20 000461
30 000112
02 000847
34 000065
45 000628
31 000248
36 000422
19 000245
37 000553
15 000109
41 000392
42 000689
37 000119
31 000433
42 000402
30 000779
31 000473
47 000812
45 000084
36 000386
16 000608
13 000480
29 000667
28 000605
47 000222
07 000187
02 000668
04 000385
38 000491
39 000195
12 000530
14 000679
09 000613
40 000713
12 000425
17 000267
42 000852
34 000245
40 000719
16 000155
03 000183
18 000797
10 000607
04 000460
37 000588
45 000056
00 000088
09 000642
17 000284
26 000231
23 000875
44 000235
17 000434
15 000112
00 000035
23 000865
34 000166
12 000989
29 000945
31 000343
47 000515
31 000271
25 000890
02 000676
04 000229
39 000528
36 000051
01 000689
06 000106
14 000267
44 000509
12 000106
25 000338
12 000225
41 000028
46 000032
32 000023
47 000807
44 000545
00 000381
40 000522
45 000806
25 000774
29 000403
27 000633
43 000113
43 000665
16 000425
14 000401
06 000665
45 000201
43 000050
15 000659
10 000605
03 000678
37 000663
39 000212
12 000667
32 000238
19 000007
38 000370
42 000231
19 000195
45 000411
31 000780
39 000504
30 000341
40 000602
24 000421
16 000236
24 000397
35 000227
10 000614
04 000461
43 000506
12 000448
39 000573
28 000783
11 000106
26 000021
42 000868
21 000236
13 000427
20 000781
45 000590
34 000119
26 000118
26 000709
47 000353
23 000164
45 000448
10 000234
08 000210
41 000571
26 000220
36 000125
01 000718
13 000961
02 000252
04 000579
45 000246
18 000447
34 000033
47 000342
40 000172
46 000700
14 000255
44 000579
45 000640
16 000168
43 000478
27 000301
31 000466
18 000338
14 000684
40 000345
05 000023
08 000719
47 000667
38 000099
09 000401
45 000134
24 000305
27 000122
42 000446
42 000430
09 000593
29 000071
43 000831
28 000334
12 000698
11 000460
23 000619
46 000153
19 000632
41 000263
23 000894
20 000796
44 000230
30 000606
47 000418
42 000350
11 000198
43 000544
15 000114
39 000210
38 000391
44 000502
04 000024
01 000658
21 000051
09 000466
46 000484
29 000042
47 000614
01 000631
30 000870
10 000441
43 000028
23 000140
05 000019
00 000858
33 000063
41 000192
19 000415
24 000418
12 000222
04 000833
05 000244
11 000255
26 000748
12 000113
21 000875
17 000146
19 000883
03 000389
30 000740
28 000656
47 000381
13 000875
20 000019
03 000929
11 000683
29 000914
39 000610
46 000119
46 000422
24 000609
23 000733
43 000024
05 000385
43 000601
13 000734
09 000039
26 000769
41 000832
18 000518
28 000918
42 000580
07 000242
38 000508
04 000392
20 000271
26 000520
04 000383
20 000477
42 000123
29 000657
10 000648
10 000489
37 000145
23 000608
19 000815
23 000315
01 000597
04 000655
17 000606
04 000184
20 000722
19 000326
28 000503
00 000523
23 000141
31 000219
14 000614
28 000601
13 000532
35 000136
26 000908
41 000519
05 000424
00 000876
00 000383
07 000655
43 000049
02 000192
20 000886
46 000354
36 000773
45 000156
37 000032
19 000806
24 000884
26 000594
27 000235
43 000136
16 000638
02 000233
29 000101
47 000127
35 000079
26 000727
27 000239
13 000996
32 000057
01 000704
16 000280
00 000486
29 000152
04 000075
44 000470
24 000817
13 000085
07 000252
43 000590
27 000834
38 000425
44 000242
14 000237
06 000078
46 000486
23 000383
37 000184
11 000226
31 000598
20 000464
28 000499
45 000768
11 000109
14 000484
27 000411
04 000224
20 000149
30 000140
27 000246
28 000754
15 000585
36 000022
40 000074
27 000901
18 000193
34 000126
37 000567
42 000436
04 000685
02 000386
46 000025
44 000059
25 000417
40 000462
34 000048
09 000491
01 000436
38 000363
40 000528
43 000571
29 000398
13 000232
40 000508
18 000064
20 000738
45 000549
14 001016
15 000697
36 000485
19 000297
09 000465
36 000312
09 000639
31 000419
46 000237
17 000401
37 000118
08 000101
19 000114
40 000695
17 000502
39 000505
39 000303
23 000751
16 000488
33 000176
46 000425
31 000239
03 000025
08 000092
26 000049
26 000269
37 000397
24 000846
01 000606
01 000647
27 000808
04 000205
10 000713
14 000652
13 000471
21 000695
28 000814
47 000146
20 000259
40 000634
20 000415
46 000520
16 000245
24 000883
18 000075
04 000650
46 000317
23 000267
15 000420
18 000434
34 000129
45 000784
23 000387
26 000607
17 000613
32 000014
24 000628
00 000079
21 000398
06 000205
41 000524
42 000380
42 000535
25 000739
19 000514
17 000843
04 000806
41 000634
26 000633
12 000511
41 000648
30 000793
41 000074
46 000804
29 000216
04 000635
14 000667
35 000137
38 000134
13 000213
18 000680
03 000088
19 000249
38 000658
01 000463
10 000494
35 000012
47 000106
02 000844
24 000067
45 000662
16 000851
00 000235
00 000682
37 000516
43 000609
44 000447
38 000490
45 000108
27 000632
25 000141
37 000498
23 000898
06 000631
45 000172
05 000600
20 000175
12 000385
37 000307
43 000198
07 000070
46 000170
11 000204
21 000612
24 000413
24 000278
16 000122
27 000761
01 000868
42 000466
28 000064
40 000392
11 000437
44 000554
25 000059
37 000574
07 000689
36 000663
20 000706
28 000809
39 000574
36 000238
14 000707
42 000034
26 000119
43 000439
44 000014
39 000140
41 000850
45 000063
04 000211
28 000580
11 000465
10 000210
15 000832
04 000029
27 000781
41 000547
06 000663
07 000010
11 000502
43 000557
38 000220
35 000164
18 000427
21 000406
40 000389
08 000698
43 000031
32 000140
42 000159
31 000606
01 000494
24 000053
23 000597
24 000783
43 000200
46 000797
18 000420
10 000691
42 000601
02 000946
40 000710
46 000615
15 000035
06 000064
28 000255
44 000398
13 000499
19 000306
04 000613
27 000780
03 000405
28 000259
47 000172
35 000113
28 000906
33 000130
12 000985
00 000398
04 000545
19 000226
39 000581
19 000772
23 000046
16 000863
24 000333
23 000455
38 000181
24 000645
09 000251
31 000610
26 000754
24 000304
18 000852
26 000267
43 000154
31 000430
14 000234
37 000515
12 000206
09 000083
14 000837
26 000128
18 000227
42 000226
16 000111
19 000260
41 000470
41 000088
28 000437
36 000684
08 000034
28 000224
30 000123
24 000248
45 000054
36 000240
45 000136
31 000319
40 000352
40 000820
23 000399
41 000513
27 000592
13 000259
27 000749
21 000735
28 000852
08 000614
41 000753
41 000223
27 000425
21 000145
14 000690
24 000282
21 000020
46 000242
11 000433
41 000243
27 000014
03 000592
17 000890
47 000801
37 000520
30 000246
27 000711
47 000085
13 000214
46 000787
18 000258
21 000717
09 000426
01 000193
12 000736
43 000155
16 000517
27 000569
43 000570
41 000828
21 000616
38 000234
07 000026
31 000853
28 000800
45 000456
18 000166
06 000406
36 000229
26 000802
18 000787
29 000607
37 000472
19 000786
43 000865
21 000874
13 000930
27 000877
06 000401
01 000481
17 000405
40 000558
44 000046
24 000155
00 000851
42 000588
13 000005
12 000265
05 000838
05 000788
46 000202
26 000761
46 000065
06 000636
37 000311
08 000021
14 000242
00 000519
38 000170
24 000228
21 000479
14 000032
21 000180
36 000532
43 000382
08 000675
23 000397
09 000090
18 000287
15 000601
43 000161
24 000016
02 000590
47 000650
29 000234
28 000264
27 000906
10 000635
01 000484
24 000870
05 000814
26 000051
40 000405
43 000720
43 000819
20 000285
27 000847
11 000224
25 000336
00 000708
31 000127
30 000643
28 000591
16 000522
06 000591
38 000066
19 000795
26 000148
26 000342
05 000193
18 000503
03 000229
46 000477
43 000032
15 001020
40 000219
18 000892
31 000653
43 000038
16 000311
02 000191
25 000016
31 000762
47 000624
39 000723
17 000814
18 000313
01 000072
17 000231
40 000215
06 000576
27 000011
31 000266
04 000062
47 000046
17 000669
29 000183
19 000807
34 000110
45 000158
12 000672
17 000842
04 000397
40 000485
24 000511
16 000660
24 000891
39 000749
25 000314
23 000262
16 000004
28 000747
29 000849
35 000186
45 000240
44 000503
37 000543
15 000094
08 000202
35 000046
31 000413
26 000312
45 000432
41 000043
14 000736
27 000869
46 000037
13 000491
42 000628
03 000254
36 000641
35 000231
38 000042
01 000504
14 000028
46 000516
23 000213
15 000439
16 000300
27 000228
28 000313
40 000175
39 000589
44 000115
00 000883
24 000633
02 000178
37 000428
25 000737
27 000310
23 000794
42 000662
31 000320
17 000851
36 000500
28 000622
20 000753
37 000559
45 000396
00 000916
03 000227
21 000405
45 000594
37 000129
30 000044
19 000637
11 000514
11 000236
31 000758
41 000508
25 000871
33 000015
39 000328
01 000490
18 000861
09 000403
43 000600
15 000670
25 000842
41 000755
17 000793
45 000044
47 000765
38 000666
25 000242
25 000108
19 000405
39 000232
10 000661
41 000215
10 000088
13 000028
35 000008
47 000433
28 000399
45 000500
26 000904
03 000858
27 000423
12 000922
39 000020
43 000497
45 000634
45 000461
47 000613
31 000152
16 000761
36 000556
20 000280
37 000187
13 000952
46 000022
15 000671
24 000250
03 000653
35 000047
12 000504
42 000753
36 000161
24 000251
28 000753
36 000736
07 000449
39 000443
15 000732
36 000587
32 000209
16 000673
30 000941
36 000452
20 000775
17 000602
33 000027
18 000141
29 000500
10 000395
40 000616
06 000489
37 000164
14 000833
20 000390
18 000305
29 000423
44 000664
05 000671
36 000469
07 000190
13 000593
41 000570
29 000659
37 000375
44 000600
42 000714
39 000043
13 000022
12 000495
44 000088
05 000206
44 000780
30 000065
31 000814
41 000187
19 000346
09 000657
23 000386
20 000388
38 000414
42 000842
30 000473
15 000693
20 000065
45 000823
27 000891
45 000190
42 000663
04 000364
38 000441
44 000320
26 000066
15 000250
10 000399
45 000073
03 000945
39 000621
23 000823
29 000766
25 000341
24 000070
05 000879
23 000861
42 000195
30 000270
26 000019
03 000707
47 000599
03 000381
39 000019
30 000048
04 000365
20 000560
47 000589
02 000103
07 000101
36 000512
35 000070
37 000081
41 000580
15 000726
09 000419
40 000750
07 000201
46 000078
46 000818
41 000625
28 000271
37 000777
00 000243
35 000031
07 000241
15 000529
30 000648
40 000513
06 000612
43 000619
08 000231
38 000098
44 000149
33 000214
39 000734
27 000216
31 000279
42 000573
30 000849
42 000360
08 000695
46 000801
07 000686
19 000862
02 000681
37 000110
43 000704
41 000658
17 000257
16 000526
37 000232
36 000403
17 000004
21 000179
23 000043
16 000888
00 000452
02 000079
10 000675
03 000836
23 000248
47 000129
26 000136
26 000730
19 000601
17 000813
37 000649
42 000682
45 000109
19 000430
16 000952
11 000246
05 000662
43 000027
13 000014
25 000605
27 000275
20 000876
14 000419
47 000452
18 000108
30 000665
42 000565
06 000825
11 000652
14 000954
43 000179
45 000447
13 000872
17 000644
18 000681
46 000789
21 000739
39 000388
36 000524
30 000250
37 000026
23 000388
47 000119
17 000147
25 000717
30 000857
36 000146
42 000247
21 000797
43 000744
26 000705
40 000714
01 000488
29 000656
44 000057
32 000137
12 000214
47 000816
01 000028
10 000603
06 000226
26 000817
20 000044
07 000872
00 000631
38 000667
39 000220
17 000438
25 000579
12 001005
05 000389
03 000523
42 000838
24 000003
30 000743
42 000578
13 000720
02 000705
21 000416
30 000428
04 000420
29 000249
08 000223
19 000117
36 000136
16 000622
32 000163
19 000610
31 000439
38 000011
16 000307
44 000378
13 000845
46 000827
21 000280
45 000675
20 000150
16 000497
14 000645
39 000598
36 000346
45 000471
02 000494
36 000057
44 000244
06 000788
25 000302
36 000575
20 000103
07 000637
45 000816
12 000869
24 000641
18 000779
18 000521
07 000189
19 000480
14 000879
23 000493
10 000034
33 000066
16 000479
47 000422
06 000644
47 000540
40 000559
30 000301
31 000344
35 000205
38 000322
02 000858
47 000654
47 000502
47 000491
13 000420
00 000638
27 000286
45 000208
10 000732
02 000853
12 000832
25 000638
37 000362
11 000635
06 000879
06 000089
36 000581
23 000105
18 000259
37 000514
37 000065
23 000312
45 000557
37 000121
27 000419
42 000551
38 000371
21 000747
24 000401
11 000232
16 000504
37 000361
47 000643
24 000866
19 000330
46 000562
17 000910
07 000389
27 000162
28 000841
31 000636
13 000715
01 000836
47 000508
40 000744
13 000635
32 000169
41 000438
36 000226
24 000124
26 000409
41 000851
47 000005
07 000232
18 000667
29 000746
32 000237
37 000728
00 000071
45 000551
04 000808
37 000757
30 000645
39 000380
13 000883
42 000508
36 000056
30 000309
20 000702
44 000019
44 000518
02 000240
28 000844
21 000818
42 000736
02 000926
01 000014
39 000620
39 000385
41 000258
24 000819
36 000658
46 000602
11 000596
31 000188
25 000758
37 000176
16 000806
31 000507
03 000520
27 000316
23 000298
45 000114
35 000083
23 000738
01 000448
31 000826
37 000508
42 000209
42 000416
46 000220
29 000221
24 000872
18 000442
38 000110
02 000514
43 000397
31 000336
47 000162
23 000010
13 000102
38 000307
40 000088
12 000384
06 000251
23 000422
12 000263
25 000715
12 000515
21 000224
06 000805
05 000235
21 000106
40 000417
18 000611
32 000148
45 000343
39 000166
34 000146
29 000293
05 000087
36 000568
06 000833
03 000083
39 000729
38 000176
35 000133
44 000187
25 000728
08 000085
30 000046
13 000422
44 000497
42 000823
36 000582
27 000835
12 000835
07 000597
16 000950
38 000013
46 000483
37 000008
45 000809
02 000830
42 000541
37 000753
09 000010
37 000742
15 000674
25 000261
29 000181
19 000609
43 000605
25 000827
41 000693
12 000087
00 000918
11 000489
00 000194
06 000801
13 001018
18 000792
24 000118
30 000591
38 000384
27 000322
27 000793
09 000016
12 000662
42 000620
13 000222
36 000443
15 000204
23 000113
36 000596
24 000714
36 000675
40 000018
13 000683
00 000642
40 000252
21 000701
44 000325
14 000100
06 000677
10 000455
41 000815
13 000260
42 000248
21 000791
38 000330
32 000241
05 000630
07 000084
41 000221
20 000750
27 000410
27 000285
36 000340
20 000214
09 000206
45 000442
08 000229
15 000387
19 000060
23 000236
25 000146
15 000244
12 000847
44 000355
46 000416
31 000823
41 000585
46 000138
15 000673
03 000483
25 000110
31 000236
08 000601
01 000705
14 000650
03 000248
45 000340
47 000110
20 000215
23 000594
36 000402
09 000430
06 000643
40 000230
45 000057
43 000377
26 000717
16 000065
10 000445
16 000282
24 000772
05 000496
01 000521
30 000855
40 000702
15 000922
31 000182
19 000824
01 000458
37 000602
40 000137
18 000263
15 000399
19 000625
45 000535
24 000797
25 000651
40 000162
13 000432
14 000717
15 000251
46 000637
31 000736
39 000599
28 000007
11 000611
31 000230
00 000605
25 000471
29 000851
28 000072
44 000589
41 000623
00 000005
45 000408
02 000429
40 000467
31 000181
39 000344
12 000098
19 000342
25 000877
16 000847
38 000619
30 000513
01 000219
05 000623
31 000840
32 000204
35 000145
41 000752
13 000446
46 000236
45 000815
13 000711
21 000704
02 000203
15 000679
23 000704
20 000559
44 000652
25 000251
29 000255
11 000467
37 000632
26 000597
43 000473
43 000688
13 000114
19 000649
47 000429
37 000469
42 000536
08 000693
30 000149
43 000700
40 000565
16 000889
20 000405
02 000238
37 000219
25 000764
24 000622
45 000686
44 000026
18 000840
01 000015
05 000465
35 000009
18 000061
20 000474
47 000825
25 000323
05 000082
18 000159
17 000071
43 000564
30 000789
38 000576
39 000555
25 000524
47 000696
29 000065
27 000629
40 000806
21 000711
39 000327
30 000260
21 000768
25 000243
19 000304
28 000052
44 000354
44 000499
01 000232
19 000316
38 000551
45 000163
41 000867
47 000343
16 000022
26 000223
07 000382
47 000031
00 000706
39 000683
36 000652
08 000724
38 000733
17 000797
19 000141
15 000445
23 000769
15 000848
03 000020
14 000659
02 000656
41 000608
12 000246
04 000484
41 000813
19 000136
42 000191
03 000613
30 000924
23 000052
20 000096
13 000705
04 000654
42 000649
07 000027
31 000863
17 000292
09 000489
10 000249
02 000471
29 000313
40 000434
12 000195
29 000865
37 000725
00 000497
21 000762
17 000631
46 000457
38 000353
23 000575
42 000197
20 000488
41 000560
28 000609
26 000715
46 000545
19 000328
11 000035
42 000835
33 000078
36 000142
41 000642
28 000215
11 000523
31 000323
13 000870
31 000112
33 000223
37 000334
31 000501
27 000120
10 000620
27 000337
17 000835
44 000633
25 000234
26 000125
28 000174
28 000120
31 000509
04 000071
01 000201
17 000232
12 000266
28 000229
38 000018
03 000633
31 000217
20 000603
24 000312
05 000077
00 000103
03 000501
01 000697
42 000371
43 000348
42 000486
19 000284
04 000391
00 000681
12 000086
08 000672
29 000326
47 000495
16 000940
19 000647
23 000171
44 000245
41 000636
38 000024
34 000214
26 000007
04 000009
33 000246
43 000122
29 000841
30 000006
41 000252
39 000359
38 000757
18 000674
44 000043
16 000299
40 000483
38 000496
28 000012
39 000623
26 000247
28 000290
30 000129
21 000283
40 000554
16 000814
45 000115
15 000597
18 000941
44 000194
45 000382
03 000410
24 000754
29 000409
21 000302
42 000652
15 000108
20 000035
04 000106
07 000238
45 000683
08 000443
46 000625
12 000836
19 000681
31 000403
02 000102
30 000654
29 000920
46 000584
31 000657
07 000610
39 000362
31 000624
00 000426
40 000726
19 000665
09 000678
46 000611
30 000258
04 000570
38 000506
04 000569
20 000216
14 000883
05 000875
28 000594
37 000490
03 000511
07 000075
38 000193
35 000034
25 000626
39 000347
41 000255
29 000944
45 000325
32 000109
30 000289
45 000127
37 000332
43 000124
42 000070
47 000178
47 000233
16 000135
02 000499
04 000389
16 000635
38 000232
17 000805
46 000210
31 000394
24 000072
30 000862
03 000204
43 000661
45 000041
19 000143
32 000175
38 000499
02 000016
05 000383
17 000057
38 000585
43 000458
28 000333
40 000084
17 000486
25 000583
43 000442
06 000689
34 000207
12 000524
15 000203
24 000718
02 000861
33 000230
33 000021
15 000708
17 000148
26 000155
40 000138
18 000477
14 000606
37 000608
36 000548
18 000071
26 000782
02 000201
18 000648
12 000082
02 000863
17 000820
43 000448
27 000770
42 000378
09 000474
41 000345
02 000070
39 000159
10 000472
07 000600
18 000325
41 000407
31 000495
32 000164
44 000508
15 000647
10 000677
20 000135
39 000363
01 000085
17 000125
06 000425
12 000436
04 000649
44 000030
29 000612
47 000154
21 000816
45 000216
27 000728
00 000669
46 000251
44 000148
00 000219
37 000130
35 000029
40 000344
20 000326
00 000231
36 000014
19 000276
18 000640
12 000213
17 000517
01 000470
10 000190
41 000803
25 000322
45 000627
34 000188
18 000250
39 000513
26 000778
02 000423
19 000821
07 000493
45 000202
17 000789
27 000192
09 000475
28 000631
28 000846
21 000783
36 000770
42 000212
38 000605
07 000839
21 000860
34 000031
42 000100
23 000427
10 000643
00 000037
33 000228
44 000364
42 000616
28 000276
29 000292
09 000704
05 000469
42 000606
40 000717
45 000337
08 000616
29 000290
27 000559
20 000242
27 000407
15 000676
30 000174
46 000603
39 000376
01 000088
41 000830
24 000800
02 000834
27 000069
41 000620
10 000628
28 000294
08 000035
00 000847
30 000317
36 000231
06 000622
47 000321
00 000835
12 000637
12 000005
25 000627
43 000531
29 000812
46 000192
03 000401
47 000496
42 000481
30 000268
23 000311
38 000558
25 000021
24 000062
35 000153
39 000773
07 000099
08 000098
06 000443
41 000705
43 000427
05 000232
20 000321
31 000945
47 000698
17 000127
30 000753
26 000252
41 000633
36 000643
36 000406
15 000208
33 000007
31 000146
08 000209
15 000729
43 000641
00 000193
03 000880
39 000404
19 000079
11 000708
42 000177
16 000415
20 000100
41 000810
24 000152
44 000045
43 000115
20 000120
42 000468
02 000084
19 000521
45 000082
42 000171
42 000426
27 000391
27 000013
19 000015
14 000261
39 000782
05 000445
28 000258
39 000754
46 000232
28 000603
26 000476
13 000487
29 000177
18 000190
11 000008
29 000499
40 000828
43 000712
28 000502
24 000254
20 000310
00 000477
07 000471
07 000386
28 000099
25 000313
03 000518
10 000231
42 000033
11 000199
16 000947
27 000753
12 000226
04 000641
44 000779
43 000395
20 000581
03 000411
20 000602
17 000846
18 000153
41 000030
17 000651
37 000628
25 000286
40 000025
35 000138
00 000011
42 000723
45 000637
25 000138
18 000947
19 000855
02 000723
01 000861
13 000386
19 000822
00 000526
17 000767
14 001010
15 000243
45 000242
31 000847
23 000741
11 000517
31 000848
47 000655
42 000539
07 000833
28 000912
30 000420
41 000185
39 000345
38 000453
23 000243
31 000804
00 000022
20 000417
17 000869
31 000066
39 000076
37 000449
02 000481
45 000364
32 000160
18 000936
41 000415
30 000822
06 000566
02 000518
03 000480
29 000870
44 000389
05 000205
24 000136
42 000525
41 000379
46 000597
46 000448
18 000759
11 000197
30 000223
23 000859
10 000241
39 000109
28 000938
43 000857
12 000853
19 000870
26 000006
11 000393
47 000326
09 000225
20 000617
30 000847
03 000506
02 000400
30 000336
07 000481
33 000064
32 000255
30 000414
45 000144
03 000414
41 000382
42 000648
20 000394
03 000458
25 000490
27 000715
47 000009
46 000133
43 000175
37 000019
21 000411
35 000122
21 000176
19 000653
42 000681
39 000099
44 000446
37 000659
46 000123
25 000337
28 000316
30 000266
45 000189
45 000392
30 000247
06 000466
29 000916
14 000514
27 000513
47 000234
14 000599
43 000838
21 000882
16 000400
12 000929
01 000872
10 000692
02 000876
25 000259
44 000427
34 000171
38 000332
04 000620
28 000411
42 000082
13 000024
25 000710
17 000676
43 000474
44 000660
24 000740
03 000730
14 000516
10 000595
25 000418
25 000164
42 000678
35 000175
02 000472
35 000232
43 000719
46 000554
29 000907
10 000012
11 000500
47 000539
29 000104
04 000796
04 000487
43 000637
20 000874
41 000720
13 000732
28 000789
00 000828
03 000193
28 000808
39 000046
44 000471
07 000606
03 000503
27 000738
27 000493
39 000387
20 000812
19 000600
44 000620
43 000079
11 000249
40 000065
25 000641
01 000617
15 000443
33 000035
30 000515
19 000766
11 000024
42 000375
13 000621
35 000035
28 000856
34 000009
26 000731
23 000484
24 000844
25 000075
28 000101
20 000721
44 000170
25 000072
16 000244
27 000896
26 000392
00 000098
17 000191
41 000651
30 000016
14 000718
00 000697
07 000018
24 000006
38 000740
27 000020
14 000386
14 001013
21 000596
18 000887
09 000244
11 000515
42 000352
00 000029
23 000124
36 000156
38 000127
45 000807
08 000454
17 000593
13 000658
13 000604
44 000231
20 000172
05 000797
08 000190
15 000421
44 000523
20 000589
26 000256
07 000611
38 000030
28 000054
03 000475
38 000622
03 000473
26 000056
40 000372
40 000338
35 000191
38 000046
44 000813
30 000125
25 000222
19 000857
15 000666
20 000569
32 000080
12 000073
38 000497
11 000025
23 000126
40 000753
01 000251
19 000407
26 000074
17 000671
28 000249
46 000398
14 000252
38 000198
38 000724
31 000597
04 000078
47 000686
20 000739
17 000812
47 000042
15 000623
18 000494
00 000378
46 000784
16 000223
41 000852
37 000627
26 000024
35 000193
40 000680
42 000069
38 000429
43 000347
23 000569
15 001021
30 000783
46 000406
43 000644
37 000212
14 000475
04 000609
38 000752
47 000369
04 000083
43 000441
13 000606
41 000696
47 000548
45 000688
41 000597
14 000068
32 000068
40 000868
32 000215
19 000890
44 000342
40 000638
11 000439
05 000570
17 000764
26 000593
47 000105
47 000466
08 000479
09 000205
43 000064
26 000018
32 000200
16 000147
09 000507
01 000243
17 000856
37 000402
07 000472
14 000213
20 000871
10 000437
23 000797
39 000398
14 000643
32 000025
04 000605
01 000021
27 000182
43 000638
03 000224
36 000305
29 000186
30 000796
15 000958
46 000389
25 000640
09 000701
13 000424
11 000626
36 000560
19 000144
46 000226
30 000669
20 000270
27 000225
11 000081
10 000593
39 000552
14 000220
18 000766
38 000725
36 000329
46 000066
36 000733
39 000539
13 000531
44 000608
18 000023
18 000526
03 000882
27 000339
25 000648
19 000229
06 000653
26 000316
46 000709
13 000501
36 000203
43 000104
47 000578
00 000854
43 000611
06 000827
46 000537
42 000624
41 000259
34 000036
44 000522
10 000457
46 000634
23 000260
30 000719
20 000050
45 000574
35 000237
42 000410
43 000679
05 000881
37 000018
08 000705
47 000463
40 000474
10 000624
16 000912
42 000512
15 000523
06 000021
25 000624
21 000383
26 000127
36 000070
47 000252
25 000521
41 000235
37 000191
07 000092
04 000825
36 000584
15 000736
11 000231
38 000763
24 000232
14 000683
00 000933
25 000729
27 000418
02 000069
45 000182
12 000215
47 000707
10 000519
28 000763
11 000440
27 000150
17 000515
39 000338
07 000399
27 000071
33 000058
09 000726
02 000454
21 000760
45 000487
39 000470
45 000633
25 000398
42 000132
26 000902
02 000944
30 000603
30 000649
18 000946
42 000840
46 000368
37 000223
06 000830
04 000604
47 000699
45 000437
25 000572
18 000920
19 000153
40 000378
36 000745
14 000247
06 000197
29 000793
41 000068
33 000206
24 000831
05 000444
31 000099
01 000731
38 000473
41 000473
24 000481
31 000663
37 000731
25 000518
29 000270
28 000412
45 000077
12 000270
00 000471
16 000658
33 000208
24 000770
20 000128
39 000018
33 000248
05 000665
42 000113
15 000214
25 000330
14 000657
14 000017
19 000494
21 000751
18 000856
14 000382
15 000872
41 000717
28 000864
06 000620
32 000045
13 000103
42 000437
24 000593
42 000501
25 000326
31 000410
30 000647
09 000679
05 000248
16 000764
30 000272
29 000022
14 000444
05 000395
03 000521
31 000008
19 000261
39 000677
06 000592
46 000582
04 000595
04 000020
46 000071
27 000898
47 000770
19 000869
09 000199
08 000419
09 000397
16 000344
35 000075
38 000326
17 000839
31 000304
29 000477
16 000928
24 000579
47 000564
02 000017
31 000868
41 000059
39 000521
02 000519
15 001006
00 000080
17 000863
09 000085
35 000216
15 000924
01 000627
42 000524
37 000558
21 000052
20 000480
16 000485
36 000662
18 000922
40 000509
03 000378
19 000072
24 000298
00 000839
15 000613
39 000545
15 000956
39 000553
20 000213
43 000396
13 000233
16 000870
14 000674
18 000231
44 000084
13 000527
05 000013
06 000441
37 000321
17 000854
45 000440
16 000402
26 000643
25 000399
30 000623
03 000087
01 000418
02 000068
42 000396
05 000606
26 000619
19 000495
13 000210
20 000824
41 000617
33 000059
13 000100
15 000247
07 000453
43 000709
12 000104
18 000894
04 000627
01 000106
37 000620
12 000647
28 000935
21 000164
09 000523
16 000786
45 000443
16 000197
19 000186
09 000587
32 000252
18 000266
19 000635
26 000829
10 000028
31 000401
05 000457
14 000113
28 000304
01 000407
40 000646
09 000628
36 000350
12 000414
37 000357
15 000620
08 000414
44 000466
00 000026
26 000646
12 000486
41 000342
26 000473
29 000839
09 000457
00 000031
36 000468
21 000752
09 000445
38 000397
17 000137
23 000215
21 000221
23 000574
03 000946
30 000595
23 000283
01 000404
34 000191
41 000180
20 000699
37 000610
31 000505
25 000115
11 000492
37 000309
28 000339
29 000272
40 000221
42 000526
36 000420
47 000191
40 000704
05 000388
41 000606
12 000423
46 000198
14 000878
40 000488
32 000144
19 000263
29 000155
21 000267
37 000004
00 000034
29 000628
24 000398
12 000872
06 000881
27 000236
18 000403
45 000700
10 000238
36 000610
42 000679
23 000045
47 000652
02 000187
13 000984
29 000778
03 000843
42 000605
47 000214
27 000434
34 000121
00 000646
01 000848
18 000430
21 000300
07 000659
17 000653
46 000015
15 000595
15 000020
07 000403
28 000119
16 000490
23 000695
24 000568
18 000058
43 000131
47 000547
06 000179
36 000579
13 000840
31 000651
18 000118
16 000333
18 000080
26 000586
42 000145
39 000567
07 000636
11 000247
41 000855
40 000669
10 000237
47 000811
27 000703
03 000650
28 000402
44 000540
14 000451
43 000260
00 000465
12 000513
12 000636
47 000615
14 000680
43 000636
39 000336
16 000506
38 000409
15 000997
16 000345
08 000663
18 000310
29 000596
43 000184
21 000012
00 000704
28 000779
17 000880
41 000105
40 000640
39 000350
08 000426
04 000809
14 000215
41 000735
44 000529
02 000194
42 000756
46 000394
18 000824
12 000713
07 000601
41 000121
02 000473
41 000500
17 000624
12 000088
16 000929
46 000392
14 000642
43 000491
39 000128
45 000661
16 000683
36 000326
40 000845
15 000954
05 000011
45 000808
44 000379
23 000233
37 000044
24 000787
07 000402
19 000351
20 000140
27 000394
02 000034
25 000514
27 000245
17 000442
21 000894
26 000487
25 000419
19 000823
30 000732
26 000180
23 000004
42 000696
25 000272
16 000480
31 000396
21 000746
47 000144
12 000965
38 000037
44 000770
26 000758
36 000545
28 000500
10 000090
42 000016
41 000493
14 000661
01 000943
25 000178
32 000033
46 000200
19 000123
25 000144
17 000253
45 000339
07 000097
10 000513
05 000400
24 000111
30 000470
06 000874
06 000380
26 000572
42 000577
08 000504
41 000818
44 000085
17 000080
19 000477
42 000213
46 000782
02 000246
00 000710
14 000256
42 000059
10 000227
37 000406
10 000423
28 000425
36 000006
26 000413
28 000866
13 000849
18 000445
00 000066
41 000239
09 000468
46 000481
47 000661
23 000178
12 000237
15 000433
09 000719
23 000323
27 000700
12 000103
01 000234
38 000390
06 000088
28 000628
29 000605
46 000632
27 000885
28 000405
33 000218
03 000217
38 000191
17 000516
21 000755
15 000524
17 000149
19 000704
23 000800
40 000048
06 000091
45 000689
21 000557
18 000898
42 000600
38 000308
43 000065
47 000058
04 000465
46 000570
31 000289
38 000157
42 000133
28 000268
19 000603
30 000765
06 000241
13 000670
26 000114
41 000178
43 000533
30 000042
30 000616
27 000311
44 000396
39 000230
21 000133
13 000455
25 000278
37 000328
42 000812
37 000510
12 000658
27 000797
25 000643
17 000916
07 000496
09 000512
43 000146
38 000381
03 000599
34 000232
47 000212
09 000469
06 000459
19 000620
04 000448
39 000375
27 000420
14 000230
20 000402
04 000469
16 000442
14 000018
09 000717
46 000183
24 000814
05 000008
28 000267
13 000620
26 000115
43 000850
29 000604
38 000177
37 000668
31 000497
26 000485
44 000224
30 000402
39 000584
45 000142
13 000019
04 000442
34 000159
13 000080
06 000182
41 000611
23 000456
39 000010
02 000021
45 000615
05 000200
07 000489
28 000106
25 000870
14 000532
31 000106
23 000396
10 000642
19 000121
13 000704
09 000082
39 000761
10 000425
37 000233
29 000141
02 000941
24 000271
13 000234
40 000543
39 000015
19 000652
23 000897
43 000548
26 000475
37 000105
16 000927
31 000067
41 000352
24 000268
23 000059
38 000501
45 000356
04 000230
45 000220
30 000297
19 000861
02 000945
17 000677
39 000202
20 000257
15 000649
45 000518
18 000638
18 000055
31 000672
46 000058
45 000781
21 000731
44 000395
02 000183
32 000146
24 000894
21 000540
18 000826
27 000800
31 000909
46 000679
44 000164
23 000895
31 000930
27 000614
43 000218
29 000759
13 000983
16 000627
47 000711
18 000794
28 000070
24 000464
42 000625
19 000648
01 000869
27 000270
03 000242
42 000453
39 000192
28 000256
35 000080
13 000917
37 000201
40 000248
23 000297
07 000629
03 000821
44 000480
24 000478
32 000183
14 000850
20 000723
36 000680
19 000840
24 000259
34 000059
41 000657
00 000616
20 000864
07 000647
09 000211
47 000444
30 000747
31 000468
40 000665
36 000656
44 000524
00 000598
23 000281
21 000118
36 000359
27 000062
39 000476
03 000944
20 000729
03 000027
44 000111
39 000412
02 000455
21 000037
09 000666
03 000926
05 000101
31 000249
02 000612
10 000665
21 000828
25 000191
46 000428
11 000114
28 000160
36 000781
23 000244
17 000248
05 000421
37 000213
42 000832
38 000146
06 000497
28 000047
03 000453
43 000607
31 000919
17 000134
28 000019
07 000401
00 000428
26 000162
13 000073
41 000355
41 000822
27 000426
14 000608
19 000445
28 000719
07 000087
35 000190
47 000575
39 000427
47 000459
37 000752
11 000662
36 000214
41 000398
21 000130
27 000846
18 000422
13 001014
06 000252
24 000590
12 000079
04 000373
04 000452
06 000069
17 000954
47 000790
47 000681
28 000768
13 000025
19 000279
31 000934
07 000216
44 000357
40 000379
38 000168
41 000353
44 000695
37 000601
16 000441
25 000292
20 000243
02 000649
02 000403
16 000303
30 000342
05 000446
25 000589
09 000247
28 000067
46 000616
41 000418
01 000395
14 000702
39 000105
02 000647
36 000145
42 000193
29 000929
39 000132
47 000181
26 000412
29 000791
37 000619
40 000709
03 000454
08 000518
27 000386
25 000738
38 000769
14 000225
16 000406
19 000950
07 000563
19 000150
05 000026
11 000590
06 000418
24 000081
24 000256
31 000134
27 000862
31 000592
44 000062
01 000468
40 000107
13 000209
10 000200
23 000579
42 000014
47 000565
43 000173
20 000108
11 000036
00 000714
23 000607
31 000937
15 000095
40 000613
24 000638
35 000124
04 000067
20 000146
12 000080
10 000105
45 000243
13 000646
09 000461
27 000804
39 000309
19 000512
30 000426
18 000817
13 000709
05 000378
01 000429
29 000158
26 000191
42 000726
16 000494
27 000574
00 000191
07 000813
26 000147
36 000159
29 000236
18 000509
21 000873
26 000271
18 000602
31 000010
21 000465
10 000660
12 000219
41 000261
16 000849
19 000483
25 000615
12 001010
39 000568
47 000645
00 000639
39 000647
41 000731
30 000811
12 000923
31 000582
06 000634
30 000905
24 000188
28 000795
23 000280
46 000195
00 000711
18 000132
10 000442
39 000228
17 000415
15 000622
24 000292
19 000942
29 000757
15 000520
03 000838
07 000558
41 000072
03 000507
41 000574
17 000511
18 000664
02 000427
15 000621
45 000610
11 000722
23 000770
38 000311
37 000624
24 000230
27 000064
23 000739
23 000011
14 000636
45 000230
33 000028
20 000713
43 000013
30 000866
10 000720
39 000642
42 000403
19 000298
36 000379
00 000089
47 000556
24 000778
01 000523
40 000258
38 000739
34 000168
39 000358
36 000547
29 000174
20 000892
23 000598
45 000388
09 000415
42 000801
40 000240
41 000123
05 000640
20 000239
13 000928
12 000914
00 000875
29 000334
21 000889
46 000573
16 000166
15 000205
43 000656
11 000430
29 000598
18 000149
01 000944
33 000222
08 000087
20 000244
20 000786
38 000031
47 000808
05 000804
08 000657
18 000488
38 000010
26 000762
38 000126
12 000489
21 000250
06 000020
01 000249
43 000678
20 000610
14 000082
44 000334
36 000040
16 000823
28 000315
46 000105
43 000183
03 000681
41 000454
45 000540
31 000836
23 000394
45 000038
38 000023
04 000611
13 000590
14 000263
42 000029
31 000755
36 000497
27 000082
24 000803
32 000254
37 000425
36 000562
40 000809
10 000500
21 000218
38 000624
19 000437
40 000579
29 000427
28 000642
18 000298
44 000217
36 000759
47 000611
45 000040
26 000798
38 000462
33 000111
18 000286
30 000325
40 000337
34 000209
07 000234
04 000682
06 000652
25 000606
25 000127
18 000881
47 000327
15 000653
18 000242
02 000497
25 000567
39 000753
39 000437
39 000583
24 000434
45 000690
36 000629
05 000095
44 000533
36 000536
38 000190
45 000206
43 000591
28 000392
42 000246
25 000611
03 000840
44 000251
18 000832
23 000274
21 000764
47 000423
31 000474
12 000259
13 000691
31 000421
16 000256
13 000516
30 000509
43 000387
40 000383
45 000319
05 000230
05 000686
24 000583
07 000547
23 000827
06 000247
01 000400
41 000471
29 000228
41 000176
18 000307
17 000849
13 000113
05 000840
47 000319
21 000738
23 000180
02 000244
01 000473
43 000649
25 000770
00 000404
39 000619
40 000851
41 000582
40 000676
23 000590
23 000008
42 000653
28 000636
38 000426
21 000004
27 000161
29 000602
15 000482
42 000560
31 000187
26 000250
37 000572
08 000411
11 000671
30 000116
07 000420
45 000550
33 000081
23 000322
09 000486
17 000822
38 000423
44 000514
40 000512
39 000381
03 000220
09 000207
25 000608
44 000350
30 000756
24 000818
36 000045
47 000544
30 000592
04 000840
28 000858
34 000186
28 000476
13 000208
04 000068
25 000332
20 000755
37 000614
12 000695
41 000138
12 000990
45 000625
25 000820
24 000643
46 000363
29 000410
43 000133
41 000518
33 000119
09 000261
00 000941
18 000412
07 000578
46 000646
05 000015
07 000614
14 000015
29 000304
25 000882
24 000146
47 000456
43 000859
28 000872
20 000768
08 000595
39 000158
20 000052
25 000869
26 000837
39 000489
47 000133
39 000341
29 000260
24 000636
03 000226
41 000148
07 000677
19 000059
13 000485
24 000900
44 000519
45 000770
06 000610
37 000746
39 000049
42 000238
19 000014
38 000488
23 000207
44 000232
36 000158
37 000170
15 000252
33 000068
18 000957
39 000127
08 000016
09 000732
43 000748
26 000751
01 000866
16 000512
24 000336
47 000358
15 001015
23 000605
41 000665
06 000554
16 000021
40 000076
17 000167
43 000453
19 000675
28 000186
10 000694
15 000590
19 000320
39 000051
03 000683
29 000801
29 000214
15 000643
46 000173
30 000070
31 000153
29 000438
40 000655
27 000734
26 000518
44 000345
21 000625
37 000683
15 000242
45 000608
27 000248
36 000354
17 000193
45 000086
19 000238
15 000632
43 000550
08 000615
19 000283
26 000072
00 000674
25 000899
38 000455
40 000495
44 000048
05 000628
07 000439
34 000039
05 000660
20 000597
26 000314
41 000865
45 000348
20 000592
32 000066
12 000221
34 000066
41 000672
41 000853
13 000503
25 000421
21 000231
05 000357
10 000669
04 000375
29 000045
44 000367
41 000725
27 000291
45 000065
45 000347
47 000150
46 000068
17 000944
00 000195
19 000926
31 000933
44 000109
42 000184
24 000342
05 000088
38 000115
31 000404
24 000493
21 000289
29 000434
30 000837
39 000009
17 000659
36 000071
15 000919
30 000214
13 001010
34 000071
28 000401
08 000100
27 000523
00 000458
11 000256
21 000475
46 000252
18 000197
21 000322
47 000206
17 000827
26 000636
41 000523
26 000843
43 000693
44 000386
15 000656
36 000309
47 000506
25 000603
25 000020
05 000249
11 000648
08 000473
47 000577
07 000357
29 000850
18 000435
26 000610
28 000937
31 000432
31 000276
45 000595
03 000667
18 000157
36 000114
03 000687
29 000584
45 000330
30 000480
42 000409
25 000288
26 000129
20 000101
25 000617
01 000489
16 000591
24 000490
13 000523
31 000299
09 000400
21 000477
00 000825
29 000786
23 000599
46 000795
13 000657
00 000421
17 000188
31 000739
23 000747
25 000387
29 000633
30 000519
29 000912
01 000244
09 000212
47 000220
39 000648
21 000211
07 000801
20 000811
21 000745
20 000048
16 000938
38 000539
20 000042
23 000134
02 000627
08 000097
25 000487
30 000601
46 000711
13 000927
43 000020
25 000707
39 000649
01 000828
47 000030
20 000237
43 000824
18 000078
19 000473
17 000304
29 000263
37 000348
32 000258
14 000986
20 000772
37 000577
40 000659
41 000054
44 000074
37 000621
26 000603
40 000814
35 000169
27 000608
13 000414
20 000792
12 000624
29 000616
39 000534
33 000245
19 000018
40 000115
21 000597
31 000861
16 000391
41 000386
25 000832
11 000254
19 000820
01 000709
40 000540
42 000244
32 000040
44 000322
39 000451
42 000039
26 000122
37 000144
19 000836
18 000662
27 000313
21 000257
30 000780
44 000403
40 000866
35 000074
24 000620
39 000028
23 000541
46 000786
44 000609
35 000180
46 000045
41 000466
27 000324
30 000657
21 000420
35 000154
13 000994
47 000668
04 000616
29 000385
29 000838
42 000718
27 000650
12 000090
43 000578
20 000827
19 000008
42 000740
43 000241
44 000505
30 000148
43 000504
36 000493
28 000907
20 000856
02 000726
14 000638
34 000256
36 000686
23 000780
24 000394
28 000396
17 000183
26 000328
37 000068
09 000021
02 000482
07 000640
28 000479
02 000593
36 000640
20 000574
43 000620
12 000720
28 000406
13 000195
30 000340
24 000614
24 000580
05 000020
12 000594
02 000007
38 000592
46 000539
30 000305
38 000044
17 000925
10 000087
30 000868
26 000082
30 000311
41 000656
35 000142
46 000181
02 000488
00 000391
28 000008
07 000202
19 000945
07 000452
24 000807
47 000590
31 000801
06 000491
07 000455
25 000846
47 000420
23 000766
44 000141
08 000636
01 000210
26 000346
38 000439
23 000271
47 000618
44 000248
29 000476
38 000684
35 000220
19 000197
37 000750
29 000062
13 000719
36 000676
25 000511
36 000314
39 000549
16 000195
14 000193
47 000386
12 000205
28 000124
25 000291
24 000108
41 000498
26 000112
33 000174
44 000607
36 000348
27 000308
04 000087
31 000511
37 000200
42 000155
02 000215
46 000653
47 000017
38 000200
14 000020
41 000426
01 000381
44 000329
37 000062
36 000317
00 000654
40 000028
42 000447
46 000536
28 000108
03 000499
19 000410
11 000503
47 000115
24 000420
07 000546
16 000341
46 000141
23 000132
45 000016
36 000110
02 000037
06 000472
46 000808
44 000050
27 000317
15 000267
39 000419
04 000683
12 000924
47 000685
26 000401
03 000474
25 000513
39 000564
06 000790
16 000661
27 000845
20 000747
40 000742
26 000739
28 000051
32 000115
46 000182
13 000993
45 000598
10 000255
00 000469
24 000425
38 000081
18 000637
37 000006
37 000115
31 000870
08 000664
46 000698
47 000157
25 000112
47 000559
43 000565
19 000266
29 000758
18 000440
02 000466
13 000444
18 000404
41 000575
04 000095
00 000210
29 000142
42 000534
19 000879
41 000341
15 000014
23 000777
13 000399
16 000234
18 000301
12 000589
27 000390
34 000115
21 000861
12 000260
25 000434
14 000687
34 000051
03 000423
47 000406
43 000674
14 000445
29 000212
41 000838
17 000787
27 000400
35 000041
31 000285
17 000633
15 001005
16 000915
40 000668
13 000960
45 000537
03 000431
44 000626
46 000670
45 000529
07 000361
30 000328
20 000496
30 000742
11 000221
16 000342
39 000025
43 000034
32 000187
23 000495
37 000371
46 000013
20 000396
29 000473
43 000455
29 000387
21 000541
23 000609
47 000583
45 000391
18 000233
06 000015
45 000641
39 000205
36 000349
46 000662
44 000629
13 000242
08 000500
05 000567
28 000933
16 000006
14 000496
12 000068
12 000112
47 000688
01 000250
30 000254
12 000462
25 000596
23 000211
16 000330
02 000005
12 000618
13 000212
16 000140
00 000527
45 000708
45 000345
15 000475
09 000441
33 000165
01 000387
21 000234
16 000115
05 000377
28 000020
45 000062
23 000021
41 000067
11 000421
16 000259
00 000030
18 000188
24 000162
17 000331
16 000515
06 000391
39 000592
23 000111
26 000111
17 000340
20 000115
33 000243
24 000640
28 000104
09 000694
25 000403
39 000070
23 000625
18 000627
19 000867
05 000492
43 000025
20 000132
40 000222
41 000506
42 000009
06 000578
02 000603
04 000621
12 000717
46 000243
10 000008
44 000122
24 000294
07 000495
13 000231
31 000595
40 000654
47 000700
08 000218
24 000106
28 000231
11 000676
28 000306
45 000585
16 000684
21 000464
09 000484
09 000720
17 000875
19 000485
32 000031
44 000569
40 000400
37 000521
12 000627
09 000460
07 000622
29 000308
02 000216
06 000803
07 000875
43 000516
04 000816
16 000054
25 000472
05 000652
15 000686
13 000252
01 000082
00 000861
05 000675
18 000872
09 000115
35 000033
02 000086
35 000226
42 000540
14 000930
07 000804
08 000733
28 000936
38 000564
04 000563
30 000242
35 000127
46 000586
20 000169
40 000743
11 000510
20 000409
09 000252
30 000300
38 000444
16 000789
17 000670
44 000337
16 000935
17 000343
46 000185
37 000339
44 000233
28 000221
24 000142
44 000452
19 000684
13 000700
44 000017
02 000690
41 000366
26 000296
10 000205
40 000373
00 000087
11 000245
05 000102
18 000134
24 000236
32 000104
39 000532
15 000506
11 000736
41 000128
09 000650
36 000412
18 000857
34 000169
12 000708
27 000341
27 000185
41 000849
38 000446
31 000240
21 000767
04 000245
26 000729
40 000615
41 000756
45 000438
15 000844
45 000617
15 000493
05 000473
43 000255
47 000331
17 000230
19 000683
30 000062
08 000512
40 000156
16 000229
38 000143
32 000172
28 000929
33 000254
42 000592
46 000496
01 000023
39 000666
40 000199
45 000207
15 000097
41 000528
47 000788
35 000203
39 000384
36 000685
11 000740
31 000072
20 000006
38 000586
34 000143
12 000479
37 000069
06 000692
20 000588
38 000104
07 000213
27 000231
39 000626
25 000829
14 000960
39 000108
05 000242
39 000676
12 000416
14 000480
04 000644
40 000213
12 000635
07 000397
40 000538
45 000580
39 000605
16 000880
27 000331
19 000057
39 000217
14 000086
26 000012
46 000671
18 000261
19 000792
41 000709
02 000204
09 000028
31 000340
20 000176
21 000459
05 000811
00 000644
17 000852
47 000401
38 000543
25 000426
31 000214
21 000222
18 000152
19 000501
31 000283
05 000241
23 000568
47 000237
33 000108
29 000635
37 000238
30 000057
28 000644
10 000508
46 000647
02 000096
29 000771
20 000275
14 000091
14 000226
42 000480
31 000639
47 000772
19 000130
42 000619
14 000232
25 000652
39 000433
02 000463
04 000092
42 000694
35 000254
37 000662
20 000327
16 000612
24 000752
25 000334
16 000886
42 000262
46 000654
47 000400
36 000434
20 000571
31 000054
05 000182
21 000173
28 000128
15 000688
27 000820
35 000018
16 000420
17 000784
25 000315
42 000345
40 000547
06 000832
38 000207
45 000418
25 000396
06 000675
00 000846
26 000116
11 000697
24 000898
30 000178
34 000193
45 000552
21 000254
35 000024
04 000437
18 000523
40 000657
27 000408
28 000767
06 000839
46 000569
07 000022
01 000030
12 000925
14 000108
33 000083
29 000480
19 000125
24 000238
04 000232
32 000257
35 000077
41 000573
17 000475
19 000801
05 000250
12 000243
08 000117
27 000732
06 000007
10 000254
08 000646
35 000166
21 000040
44 000412
06 000467
39 000529
08 000214
13 000701
29 000762
43 000686
03 000869
42 000408
18 000423
04 000393
19 000142
03 000498
01 000916
23 000681
27 000256
45 000506
13 000997
14 000610
37 000157
05 000823
05 000494
03 000090
09 000029
46 000323
39 000372
38 000600
28 000796
45 000620
42 000498
43 000834
15 001003
15 000531
12 000688
23 000058
26 000759
25 000245
31 000412
46 000040
38 000351
31 000760
01 000688
00 000647
21 000472
08 000252
46 000021
44 000564
37 000562
20 000329
24 000760
14 000096
41 000727
31 000493
23 000477
19 000636
40 000502
27 000588
04 000615
38 000097
12 000445
24 000724
20 000313
17 000132
46 000228
19 000241
25 000230
23 000384
44 000803
27 000868
46 000819
31 000310
44 000702
18 000615
27 000742
20 000250
39 000644
28 000665
19 000295
44 000168
27 000567
45 000360
33 000154
40 000452
43 000252
20 000819
37 000033
24 000908
31 000599
21 000243
15 000624
16 000520
00 000715
28 000295
04 000686
43 000048
00 000226
11 000480
43 000367
21 000168
20 000726
45 000773
25 000024
11 000663
36 000665
16 000881
19 000851
10 000443
37 000387
39 000679
11 000474
14 000647
15 000487
23 000291
15 000976
46 000383
46 000061
08 000723
46 000478
26 000291
15 000225
03 000875
39 000221
20 000384
15 000213
05 000614
09 000494
05 000598
15 000648
30 000298
20 000888
30 000049
02 000212
36 000472
28 000870
29 000787
25 000873
45 000236
44 000572
46 000608
15 000089
34 000120
34 000151
20 000173
29 000772
12 000691
28 000826
30 000393
25 000389
43 000358
41 000384
17 000928
26 000888
21 000546
18 000786
23 000276
27 000143
47 000148
15 000116
36 000163
04 000610
36 000632
47 000323
01 000730
44 000706
39 000143
06 000098
16 000492
19 000872
46 000332
43 000592
26 000272
38 000065
47 000521
41 000083
44 000444
09 000017
38 000646
24 000332
09 000610
01 000825
47 000626
30 000588
19 000830
31 000604
47 000605
13 000679
23 000871
13 000689
12 000856
09 000501
20 000797
06 000495
25 000837
15 000080
30 000621
20 000806
40 000607
30 000177
31 000591
18 000515
38 000185
27 000338
04 000203
05 000482
28 000154
10 000522
19 000507
03 000089
31 000913
15 000853
19 000628
00 000652
45 000631
27 000895
27 000188
43 000471
05 000192
34 000154
42 000511
43 000081
30 000238
17 000195
02 000395
02 000826
35 000155
00 000184
44 000543
25 000134
40 000126
25 000294
18 000297
26 000816
27 000023
24 000246
01 000833
28 000909
38 000059
27 000148
42 000513
14 000013
44 000016
17 000686
41 000730
34 000213
46 000574
26 000617
41 000482
36 000124
35 000189
37 000109
17 000273
09 000438
25 000124
04 000646
20 000730
00 000100
08 000667
02 000228
32 000193
46 000404
35 000157
13 001000
25 000383
41 000343
31 000234
39 000764
43 000856
28 000798
04 000207
20 000791
23 000873
40 000524
28 000423
11 000487
45 000248
47 000250
11 000104
37 000483
39 000571
43 000675
02 000721
18 000686
19 000611
05 000576
01 000019
39 000213
40 000491
39 000466
30 000064
41 000824
04 000090
18 000333
13 000833
07 000478
30 000339
39 000739
41 000700
07 000584
07 000069
16 000072
36 000112
10 000428
24 000897
14 000697
20 000813
37 000738
03 000711
43 000747
06 000074
00 000645
42 000423
17 000072
21 000247
12 000699
20 000296
35 000027
17 000010
23 000792
05 000800
07 000007
13 000986
17 000598
06 000483
11 000471
19 000011
41 000351
41 000257
17 000123
17 000297
38 000639
20 000728
17 000076
38 000102
28 000394
19 000737
24 000273
42 000381
30 000907
29 000046
05 000245
20 000614
45 000247
09 000515
30 000114
45 000589
02 000609
28 000237
11 000504
45 000370
39 000737
16 000194
31 000596
36 000744
26 000775
28 000803
31 000815
15 000483
14 000425
24 000405
17 000427
09 000464
04 000561
25 000610
39 000766
17 000807
25 000614
28 000254
40 000846
19 000780
25 000284
15 000957
24 000017
16 000650
25 000406
00 000609
09 000490
44 000667
45 000825
14 000976
41 000129
29 000784
35 000129
36 000570
05 000631
31 000337
25 000828
43 000335
41 000394
40 000112
01 000636
40 000819
46 000322
36 000139
14 000007
15 000471
30 000390
09 000614
42 000444
01 000031
40 000805
12 000496
40 000459
31 000798
19 000160
13 000851
28 000307
25 000153
19 000073
20 000609
27 000832
45 000047
29 000796
28 000288
14 000434
23 000430
28 000179
02 000728
42 000450
25 000700
09 000502
25 000784
17 000520
23 000547
02 000691
36 000771
13 000528
07 000221
18 000143
03 000853
27 000576
42 000826
24 000759
43 000647
30 000638
44 000437
04 000678
34 000042
43 000046
26 000891
01 000509
39 000551
15 000690
46 000643
47 000201
16 000528
43 000106
21 000749
31 000748
09 000476
44 000180
07 000016
20 000875
29 000511
25 000116
04 000601
42 000348
26 000783
15 000838
45 000253
19 000515
08 000089
30 000466
15 000965
14 000838
46 000471
27 000814
08 000019
06 000442
15 000617
30 000505
47 000061
27 000643
37 000467
01 000254
10 000032
23 000205
46 000627
20 000429
18 000883
08 000478
30 000296
17 000684
12 000610
25 000620
06 000875
20 000320
17 000883
03 000412
31 000296
12 000701
41 000126
39 000759
45 000782
44 000809
47 000520
07 000575
29 000763
09 000234
38 000112
18 000304
00 000842
25 000888
44 000372
46 000556
41 000109
11 000411
30 000839
10 000246
31 000902
42 000429
20 000803
20 000752
36 000215
32 000211
08 000086
02 000667
30 000902
12 000839
27 000240
25 000238
12 000981
00 000590
18 000012
07 000883
18 000768
26 000881
29 000603
17 000953
27 000740
15 000245
47 000593
01 000024
26 000258
31 000785
01 000235
25 000333
26 000389
02 000664
40 000740
02 000823
27 000221
19 000131
02 000934
40 000476
44 000631
40 000461
19 000239
11 000686
02 000839
45 000488
23 000585
11 000496
14 000956
40 000692
27 000328
41 000515
18 000600
12 000643
21 000105
15 000883
32 000120
16 000487
23 000255
23 000896
44 000510
32 000055
37 000035
09 000232
29 000631
07 000014
19 000816
04 000826
21 000269
18 000116
28 000046
08 000510
46 000031
37 000378
20 000766
17 000410
27 000342
11 000023
17 000817
44 000818
43 000228
06 000455
24 000126
16 000159
18 000864
02 000947
40 000188
00 000434
25 000468
37 000484
06 000246
06 000237
11 000647
14 000859
28 000342
35 000116
16 000324
26 000796
30 000506
44 000352
14 000991
47 000437
17 000309
47 000780
26 000295
25 000909
10 000094
44 000214
00 000401
10 000667
16 000785
23 000100
04 000481
44 000778
27 000076
04 000875
31 000835
40 000628
42 000644
05 000688
38 000155
03 000928
27 000485
07 000491
28 000284
11 000073
15 000840
42 000219
14 000026
19 000513
30 000304
02 000029
23 000616
37 000630
10 000690
27 000613
34 000136
43 000524
00 000630
06 000642
17 000335
15 000700
20 000826
17 000895
12 000645
46 000781
42 000144
31 000754
34 000233
09 000684
27 000247
37 000237
19 000889
38 000034
07 000788
43 000162
26 000143
17 000496
09 000421
16 000759
07 000823
06 000199
17 000837
12 000646
27 000178
03 000098
19 000528
13 000836
20 000695
30 000609
17 000519
41 000490
44 000216
10 000225
14 000012
47 000552
21 000377
43 000475
19 000761
13 000637
30 000583
19 000779
25 000816
36 000785
39 000006
27 000340
28 000593
02 000022
36 000041
05 000833
01 000609
03 000618
26 000187
27 000573
04 000416
31 000228
35 000219
37 000180
23 000589
02 000654
32 000141
43 000350
09 000197
05 000644
40 000113
19 000068
10 000198
41 000712
06 000884
36 000393
46 000023
31 000738
16 000285
16 000926
15 000074
19 000597
09 000681
36 000682
42 000833
37 000440
44 000798
40 000544
41 000829
46 000038
41 000400
19 000273
01 000923
12 000680
27 000821
40 000189
38 000577
37 000533
13 000508
08 000432
32 000061
14 000418
28 000859
25 000184
37 000106
01 000180
10 000510
29 000235
25 000217
26 000073
38 000550
20 000705
10 000108
16 000443
25 000404
12 000203
05 000247
02 000078
37 000352
31 000791
14 000203
47 000666
25 000789
45 000670
37 000597
43 000596
17 000917
21 000766
46 000678
01 000926
36 000775
42 000685
40 000722
18 000066
25 000012
14 000114
01 000590
47 000215
05 000545
45 000678
15 000606
01 000420
07 000667
38 000493
34 000040
23 000472
21 000615
36 000176
45 000389
06 000185
39 000538
06 000451
18 000624
27 000577
28 000941
14 001022
46 000345
30 000791
15 000386
38 000164
16 000602
38 000770
35 000215
27 000287
26 000340
39 000306
39 000422
39 000017
28 000397
13 000266
34 000230
01 000483
32 000234
16 000080
03 000185
16 000329
17 000225
01 000826
44 000506
01 000209
42 000715
30 000335
36 000421
02 000524
21 000265
06 000470
28 000659
44 000219
42 000216
04 000237
11 000653
38 000038
45 000523
17 000938
26 000785
06 000793
05 000417
01 000527
45 000170
45 000384
09 000692
17 000138
39 000518
43 000140
06 000880
03 000525
29 000800
26 000750
25 000342
24 000388
12 001006
43 000518
25 000229
06 000019
43 000753
28 000649
29 000717
16 000133
26 000062
27 000802
05 000028
11 000214
24 000073
37 000095
23 000776
25 000220
30 000821
14 000387
27 000116
13 000201
11 000615
45 000814
45 000179
45 000530
26 000841
21 000769
38 000189
39 000770
46 000528
46 000773
25 000891
16 000163
12 000661
28 000865
43 000554
20 000210
47 000633
15 000593
40 000464
12 000252
47 000662
32 000111
12 000525
17 000608
11 000414
27 000713
20 000604
12 000447
16 000302
34 000145
28 000911
07 000615
37 000549
25 000258
42 000476
35 000143
36 000235
28 000762
46 000104
24 000227
15 000417
45 000225
24 000709
30 000395
31 000317
40 000585
13 000452
44 000011
37 000526
47 000531
11 000655
47 000766
27 000599
43 000836
40 000725
31 000281
29 000932
07 000613
19 000910
03 000526
45 000571
27 000156
12 000873
34 000194
28 000623
06 000602
17 000829
31 000910
46 000535
36 000757
19 000292
19 000009
38 000433
03 000206
10 000412
42 000387
47 000364
07 000618
42 000187
43 000206
15 000911
43 000187
32 000155
31 000418
45 000592
20 000884
15 000481
38 000344
31 000494
11 000113
46 000234
23 000580
17 000441
16 000136
44 000765
08 000707
37 000509
42 000642
15 000711
36 000046
00 000929
18 000888
01 000503
12 000424
20 000601
32 000078
25 000074
20 000385
17 000291
15 000017
15 000207
39 000393
40 000592
39 000173
39 000377
32 000067
10 000006
00 000197
23 000148
30 000106
18 000268
47 000355
01 000414
10 000213
12 000531
27 000433
16 000261
14 000856
29 000933
41 000220
37 000161
02 000824
38 000052
44 000590
40 000457
03 000645
18 000355
37 000607
40 000007
01 000600
35 000109
10 000076
45 000333
31 000622
38 000732
27 000647
28 000183
29 000318
24 000329
16 000068
01 000477
19 000412
43 000683
41 000130
27 000637
14 000703
07 000634
13 000713
29 000148
15 000486
37 000073
12 000616
05 000422
27 000750
36 000031
29 000647
47 000693
30 000626
18 000270
45 000704
36 000321
18 000953
09 000224
12 000014
00 000484
45 000659
34 000112
27 000617
06 000383
44 000703
45 000462
24 000316
36 000630
19 000783
01 000707
12 000653
23 000066
37 000442
40 000715
