29 000608
21 000295
38 000598
21 000468
45 000115
06 000392
31 000921
31 000070
17 000951
40 000057
19 000255
37 000527
38 000343
28 000849
29 000263
24 000637
37 000572
37 000153
18 000271
04 000798
02 000721
32 000125
01 000423
13 000676
21 000023
45 000232
27 000784
42 000451
09 000677
14 000983
36 000155
27 000134
45 000633
21 000234
18 000641
19 000683
05 000421
44 000159
18 000302
20 000381
21 000277
04 000815
27 000823
09 000227
38 000447
16 000113
13 000202
45 000526
12 000085
25 000871
22 000118
35 000021
09 000680
06 000106
15 000485
29 000739
21 000381
06 000807
46 000651
27 000907
44 000117
47 000103
39 000211
45 000126
31 000387
19 000025
44 000587
31 000399
08 000654
39 000463
20 000398
23 000284
40 000009
19 000125
39 000508
05 000793
41 000440
42 000647
24 000613
25 000249
13 000015
26 000746
45 000695
00 000212
45 000555
34 000021
30 000853
46 000137
20 000578
17 000262
47 000673
04 000437
11 000639
09 000214
17 000264
23 000795
02 000597
39 000315
36 000009
09 000725
